408664
626669
243702
154090
863522
206628
521942
498138
301730
507165
697379
409396
946389
555033
164314
774565
934761
414921
206451
884901
551751
792146
738943
978759
782711
163191
525755
420427
830512
305484
876617
290385
187005
465912
037254
795518
858969
672231
726973
086702
296478
201790
567940
001590
037385
081038
410774
073882
251404
863832
138264
739268
030336
870336
967348
436525
737797
794923
028966
239931
538765
744465
197517
673747
345561
618942
556697
831276
929723
466284
395629
419944
588290
231310
559095
720344
183375
563850
449390
723157
691681
742800
593467
018518
016348
821416
213054
433971
058038
754301
237401
875386
326242
636227
082943
785451
280821
975237
382923
922339
226826
095859
835433
286834
224399
478256
176637
091290
963002
415717
213678
005138
050343
769785
795162
747698
677966
797479
026651
222204
022825
040619
959254
613578
156122
008081
700724
709482
552250
749077
441291
967441
996994
135262
261888
974469
133015
128350
628709
879935
608880
621259
152790
937534
686983
459836
639782
525382
027551
183512
098393
419632
844958
703312
343101
797105
924389
628058
171602
750906
150871
530105
389170
622414
198367
229847
593413
310275
874661
123983
455262
882378
152788
641922
053556
623820
202085
901819
307315
246839
347912
678834
068553
845611
778107
339581
799512
585224
834175
732760
355309
335278
436793
562606
787505
697456
406741
513197
291732
092262
026965
089917
556862
430025
793709
398428
324920
066022
025305
381611
965368
811130
256975
817481
068516
735355
086147
733694
798397
047292
115693
949338
385714
155954
454089
249059
357255
401451
990500
832352
980632
137316
608544
052000
062083
698198
685432
806187
243789
378678
889777
214741
601269
535799
134612
391113
939413
044574
957492
434930
488512
501624
385143
897839
646717
606114
063255
411566
460705
505446
860740
044346
049164
938765
796666
305197
802388
575713
997926
911020
375240
062379
323569
821863
073750
783061
206759
189441
598481
174391
356395
625833
658546
556760
523242
870557
608951
338755
626367
896742
079769
383721
138955
968539
063978
228567
406616
810135
222923
296888
325793
190463
564165
730950
845029
684236
006305
498836
985785
239147
840743
312345
125405
195538
354498
830847
992370
282517
565794
741397
441852
936416
109073
985684
831136
540691
742411
205520
679838
751506
227114
914083
063690
366259
279859
747326
610924
156436
979236
742767
408669
327442
292444
671492
681752
594737
858514
597750
884043
334838
618907
858602
993124
489479
626142
144575
061338
628763
176062
934091
404187
051281
410107
748809
023146
729302
310486
611049
165185
280650
618525
848256
162821
259532
948610
739241
073402
514700
712322
311072
624336
791529
295572
622892
405063
628726
622507
570946
034001
767726
541091
934913
534646
366721
606922
526642
639181
850513
217326
853480
735856
293195
541197
209304
832998
654614
085440
958428
776713
541037
811181
452150
048986
745930
719991
987140
497544
509839
424075
919682
486066
476437
573225
541464
530597
094664
361325
127618
443704
821779
388563
161155
018406
732910
041845
243681
442692
510722
804117
932235
170685
443438
793469
763263
088905
775754
055433
485494
611156
939039
510358
036135
227385
858680
657503
930544
462453
569748
202507
070654
369172
460310
535051
365315
854613
842482
123065
270860
468472
062469
484695
110640
350925
011668
445254
867153
278806
660566
165374
110560
116299
301141
782709
753714
768490
636383
692824
784715
488395
248641
099280
223945
026336
984351
953088
034292
625672
641649
807622
443002
775860
845094
204489
843864
380932
485192
737007
320521
590886
565160
624256
028066
495073
445929
504492
234448
058090
190207
316659
046751
408304
354926
719127
461023
374286
610065
349517
174171
039591
573694
058675
061296
853757
662821
053632
107220
001398
308379
226907
617070
679433
779957
677901
307605
651547
585677
670993
161504
617357
295143
152304
431453
522953
668519
839349
968674
218469
314038
874163
960124
479132
059514
008408
590128
194467
270776
810486
237420
794922
601900
239913
372764
893780
457234
831998
082580
303387
675662
834993
100508
186561
950964
315473
644839
973071
938055
956437
184431
297680
467921
767223
616174
751386
529430
977105
492538
536741
434226
157556
163057
669044
054159
249259
010078
540562
472365
828500
068933
890533
386671
269799
028233
620983
905598
567255
002513
094880
459155
422054
246834
650138
638313
460591
166587
613416
211317
432984
928287
099317
396869
988243
273140
257230
716450
621225
534668
617158
435415
963884
271205
201181
017519
101026
756135
274416
126741
054820
068182
567571
868952
218240
365090
930394
553507
966953
066196
908212
773576
520616
266812
613159
416079
073850
095523
613590
875176
041606
212422
502959
003511
226891
980474
705708
369419
549868
209744
311641
278605
640554
978458
634428
511311
822758
829799
468533
341301
442597
242966
967780
723962
507376
425994
391615
224571
992410
667646
052969
290716
374195
692061
272731
257821
145419
263281
343411
354858
680633
077282
215800
506274
326258
494049
047538
277021
723010
315863
727848
237173
008128
228185
394081
122952
633830
006368
200035
382590
795536
067118
696564
524344
871489
816933
220223
606110
863139
287903
140569
767858
532519
938161
480377
157623
582036
143167
902317
894573
270370
758506
667123
130421
182774
076869
780292
321723
506891
329562
949338
412408
936889
535583
868181
950712
174983
701304
326817
444490
083774
778085
384565
953974
813871
435300
883965
109980
016046
421788
363097
508851
605408
205170
450776
229183
123514
628765
251347
089702
552252
339191
072355
168907
439756
315632
180067
226908
461029
659828
549978
151560
664500
572327
658731
125160
170233
231966
764148
494559
169183
682088
104031
975264
389002
681826
581363
729893
273648
439204
834835
975072
126891
084961
022642
869470
914299
803075
758365
796628
564073
969280
501268
688511
698839
909644
900622
518940
604503
166083
846663
256623
062085
967513
838943
349204
800324
375480
245893
095021
536943
343446
499821
976444
482161
466385
674342
686220
711502
060905
729333
847160
013058
696551
471850
246967
007124
068709
664005
973225
937312
402685
677527
676889
679063
071856
257080
458524
988540
398304
025196
903851
020024
751422
992667
955311
956047
462291
346864
708157
942221
954996
294306
734226
105028
004972
022001
063893
005322
464000
664461
670775
438975
690292
112736
288809
575799
296668
958174
989685
851328
624323
575106
448058
149092
381666
374093
740442
874397
417341
369947
438443
697814
488338
797859
600200
445238
156204
998204
603052
526535
014422
600458
644219
996315
805232
150280
945077
373212
789183
806097
975697
100564
693712
006383
477670
380439
973283
942420
941593
087536
833509
560343
097870
682283
653278
671270
976143
895463
576046
569867
628295
333969
382309
831465
701634
170818
403243
481760
947709
678471
788200
104423
880325
115166
409567
555817
131883
309703
978577
050313
365683
428771
418320
150714
333199
313452
749039
731475
182586
011416
688375
347827
475528
108490
346557
469055
636796
663254
985972
739496
222748
533410
106468
